m: 0.0
m: 0.0
v: 0.0
v: 0.0
m50: 0.001001119613647461
m50: 0.0010018348693847656
v50: 0.0
v50: 0.0
mm: 0.0
vm: 0.0
mm50: 0.018547773361206055
vm50: 0.0
